164
0 48 1008
0 816 624
0 768 672
0 720 720
0 672 768
0 624 816
0 576 864
0 528 912
0 336 912
0 240 912
0 144 912
0 48 912
0 144 1008
0 240 1008
0 336 1008
0 432 1008
0 528 1008
0 1008 624
0 1056 672
0 1104 720
0 1152 768
0 1200 816
0 1248 864
0 1296 912
0 1488 912
0 1584 912
0 1680 912
0 1776 912
0 1872 912
0 624 1008
0 720 1008
0 816 1008
0 912 1008
0 1008 1008
0 1104 1008
0 1200 1008
0 1296 1008
2 672 960
2 720 912
2 768 864
2 816 816
2 864 768
2 912 720
2 960 768
2 1008 816
2 1056 864
2 1104 912
2 1152 960
2 912 816
2 864 864
2 960 864
2 1008 912
2 816 912
2 768 960
2 864 960
2 960 960
2 1056 960
0 1392 1008
0 1488 1008
0 1584 1008
0 1680 1008
0 1776 1008
0 1872 1008
6 48 960
6 1872 960
6 912 912
4 96 864
4 192 864
4 288 864
4 384 864
4 1440 864
4 1536 864
4 1632 864
4 1728 864
4 1824 864
4 816 576
4 816 528
4 816 480
4 816 432
4 1008 576
4 1008 528
4 1008 480
4 1008 432
4 432 816
4 480 768
4 528 720
4 576 672
4 480 672
4 384 672
4 288 672
4 192 672
4 96 672
4 96 720
4 96 816
7 912 384
5 672 672
5 1152 672
4 1248 672
4 1296 720
4 1344 768
4 1392 816
4 1344 672
4 1440 672
4 1536 672
4 1632 672
4 1728 672
4 1824 672
4 1824 720
4 1824 816
1 1392 720
1 1488 816
1 1584 816
1 1680 816
1 1536 768
1 1488 720
1 1584 720
1 1632 768
1 1680 720
1 432 720
1 336 816
1 336 720
1 288 768
1 240 816
1 240 720
7 1440 768
6 384 768
0 720 432
0 624 480
0 528 528
0 432 576
0 336 624
0 240 624
0 144 624
0 1104 432
0 1200 480
0 1296 528
0 1392 576
0 1488 624
0 1584 624
0 1680 624
0 1104 480
0 1104 528
0 1104 576
0 1104 624
0 1200 624
0 1296 624
0 1392 624
0 1296 576
0 1200 576
0 1200 528
0 720 624
0 624 624
0 528 624
0 432 624
0 528 576
0 624 576
0 720 576
0 720 528
0 720 480
0 624 528
0 1776 960
0 144 960
7 48 768
7 1872 768
