114
1 144 624
1 336 624
1 1680 624
1 1488 624
5 1296 624
1 432 672
1 528 720
5 624 768
1 816 864
1 912 912
1 1008 864
7 1104 816
1 1200 768
1 1296 720
1 1392 672
2 528 672
2 624 720
2 720 768
1 720 816
2 816 816
2 912 864
2 1008 816
2 1104 768
2 1200 720
2 1296 672
5 912 576
7 48 576
7 1872 576
1 816 960
1 1008 960
2 912 960
1 720 960
1 624 960
1 528 960
1 432 960
1 336 960
5 240 960
1 144 960
1 1104 960
1 1200 960
1 1296 960
1 1392 960
1 1488 960
1 1584 960
1 1680 960
1 1776 960
6 240 792
6 1680 816
6 912 720
5 528 624
7 912 480
3 48 528
3 48 624
3 48 672
7 48 720
3 48 768
3 48 816
3 48 864
7 48 912
3 48 960
3 144 528
3 240 528
3 336 528
5 432 528
3 528 528
3 624 528
3 720 528
3 816 528
3 912 528
6 1008 528
3 1104 528
3 1200 528
3 1296 528
3 1392 528
7 1488 528
3 1584 528
3 1680 528
3 1776 528
3 1872 528
3 1872 624
3 1872 672
6 1872 720
3 1872 768
3 1872 816
5 1872 864
3 1872 912
3 1872 960
4 624 624
4 624 672
4 720 624
4 720 672
4 720 720
4 816 768
4 816 720
4 816 672
4 816 624
4 912 624
4 912 672
4 912 768
4 912 816
4 1008 768
4 1008 720
7 1008 672
4 1008 624
4 1104 624
4 1104 672
4 1104 720
4 1200 672
4 1200 624
4 1392 624
7 432 624
4 1584 624
4 1776 624
4 240 624
