119
0 1776 696
0 1680 696
0 1488 696
0 1392 696
0 1296 696
0 1200 696
0 1104 696
0 1008 696
0 912 696
0 816 696
0 720 696
0 624 696
0 432 696
0 336 696
0 240 696
3 144 792
3 336 792
3 528 792
3 624 792
3 720 792
3 816 792
3 912 792
3 1008 792
3 1104 792
3 1296 792
3 1392 792
3 1488 792
3 1584 792
3 1776 792
2 1776 888
2 1680 888
2 1584 888
2 1392 888
2 1296 888
2 1200 888
2 1104 888
2 1008 888
2 816 888
2 624 888
2 528 888
2 432 888
2 336 888
2 240 888
2 144 888
6 912 744
2 240 960
3 336 936
3 528 936
3 624 936
3 720 936
0 816 984
0 1008 984
3 1104 936
3 1296 936
3 1488 936
3 1584 936
2 1680 960
7 1872 648
5 144 960
5 1776 960
3 48 792
3 48 888
3 48 936
3 1872 792
3 1872 840
3 1872 936
4 1584 600
4 1488 600
4 1392 600
4 1296 600
4 1104 600
4 1008 600
4 912 600
4 720 600
4 528 600
4 432 600
4 240 600
4 144 600
3 1872 504
3 1776 504
3 1680 504
3 1776 552
3 1872 600
3 240 504
3 48 552
3 720 408
3 528 408
3 432 456
3 336 504
3 1104 408
3 1200 408
3 1392 408
3 1488 456
3 1584 504
5 624 600
5 624 408
5 144 552
5 144 696
5 48 840
5 1200 792
5 1200 936
5 912 1032
5 1584 696
5 1488 888
5 1200 600
6 816 600
6 1296 408
6 1872 552
6 48 600
6 432 792
6 720 888
6 1872 888
7 1392 936
7 432 936
7 240 792
7 528 696
7 336 600
7 1680 792
7 912 888
